4.000000000000000000e+00
4.000000000000000000e+00
4.000000000000000000e+00
4.000000000000000000e+00
4.000000000000000000e+00
1.439999999999999947e+00
4.000000000000000000e+00
4.000000000000000000e+00
4.000000000000000000e+00
4.000000000000000000e+00
4.000000000000000000e+00
4.000000000000000000e+00
4.000000000000000000e+00
4.000000000000000000e+00
4.000000000000000000e+00
4.000000000000000000e+00
3.995666432000000157e+00
3.992616960000000326e+00
3.992872959999999694e+00
3.993923584000000027e+00
3.975270399999999871e+00
3.961999360000000081e+00
3.943213055999999828e+00
3.949170687999999707e+00
3.945758720000000164e+00
3.926261759999999601e+00
3.871311871999999710e+00
3.874160639999999489e+00
3.860310016000000122e+00
3.776743424000000182e+00
3.789762559999999780e+00
3.725389824000000072e+00
3.626225664000000126e+00
3.670980608000000256e+00
3.552874496000000271e+00
3.532298240000000256e+00
3.464341504000000072e+00
3.204575231999999829e+00
3.370442751999999764e+00
3.095912447999999983e+00
3.076374528000000108e+00
3.018979328000000351e+00
2.669387775999999768e+00
2.819256320000000038e+00
2.346078208000000220e+00
2.476113919999999968e+00
2.481195007999999813e+00
2.171256831999999637e+00
2.020286463999999782e+00
1.975083007999999918e+00
1.802428415999999922e+00
1.623474175999999991e+00
1.644773375999999843e+00
1.417029631999999983e+00
1.341507583999999920e+00
1.429751808000000013e+00
1.249826815999999896e+00
1.067311104000000066e+00
1.133033472000000152e+00
1.124444159999999915e+00
1.040490495999999876e+00
9.975336960000000808e-01
9.043640320000000399e-01
8.798883840000000234e-01
7.336161279999999785e-01
9.376133120000000876e-01
7.904235520000000292e-01
7.294832639999999646e-01
6.872391679999999559e-01
6.335406080000000051e-01
7.074672639999999291e-01
6.158663679999999419e-01
5.616353280000000447e-01
5.178122239999999321e-01
5.861560319999999935e-01
5.362728960000000544e-01
5.006192640000000083e-01
5.237022719999999687e-01
4.733276160000000621e-01
4.540354560000000039e-01
4.821503999999999790e-01
3.909140480000000140e-01
4.617461760000000082e-01
4.373463039999999635e-01
4.267622400000000149e-01
4.128378880000000417e-01
4.081745920000000027e-01
3.610603520000000288e-01
3.504783360000000014e-01
3.262177279999999846e-01
3.411415039999999843e-01
3.810631680000000077e-01
3.320238080000000314e-01
3.117486080000000381e-01
3.143823359999999845e-01
3.053260799999999997e-01
3.303833600000000148e-01
3.093176320000000090e-01
2.735820800000000053e-01
3.107123199999999863e-01
