4.000000000000000000e+00
2.560000000000000053e+00
2.560000000000000053e+00
2.560000000000000053e+00
2.557825919999999975e+00
4.000000000000000000e+00
3.119078399999999807e+00
4.000000000000000000e+00
3.993727999999999945e+00
3.984006399999999726e+00
3.985511680000000556e+00
3.939137920000000292e+00
3.946494560000000096e+00
3.890351840000000117e+00
3.738668000000000102e+00
3.717818080000000247e+00
3.665976000000000123e+00
3.534563040000000100e+00
3.236776480000000067e+00
2.870300480000000043e+00
3.154654559999999996e+00
2.640828959999999892e+00
2.024523999999999990e+00
1.460570559999999851e+00
1.535633280000000100e+00
1.367278400000000005e+00
9.623556800000000466e-01
1.027162080000000088e+00
6.728065599999999424e-01
6.600639999999999841e-01
6.226880000000000193e-01
6.512859199999999626e-01
4.515859199999999740e-01
5.376547200000000304e-01
5.485379200000000122e-01
4.062819200000000186e-01
4.220100800000000096e-01
3.507035199999999908e-01
3.550744000000000122e-01
3.563217599999999874e-01
3.164507200000000187e-01
3.044030400000000136e-01
3.094113600000000242e-01
2.546499200000000296e-01
2.465072000000000096e-01
2.470545599999999786e-01
2.174920000000000186e-01
2.304918400000000034e-01
2.298520000000000008e-01
1.980036800000000152e-01
