4.000000000000000000e+00
4.000000000000000000e+00
4.000000000000000000e+00
4.000000000000000000e+00
4.000000000000000000e+00
4.000000000000000000e+00
3.004444444444444251e+00
3.003723396740740625e+00
4.000000000000000000e+00
4.000000000000000000e+00
3.999294583396433733e+00
4.000000000000000000e+00
3.999540163599451414e+00
3.999030208790123275e+00
3.999662953700959811e+00
3.996828201437585548e+00
3.996851310968450033e+00
3.994044949772290742e+00
3.990884405377228994e+00
3.981923531676268890e+00
3.987082013849108542e+00
3.966544928307270013e+00
3.945970310145404447e+00
3.940892646716049441e+00
3.921527432954732717e+00
3.915897090458161589e+00
3.901428894727023255e+00
3.854231360965706177e+00
3.794026465097393608e+00
3.799548159648833856e+00
3.714058380466392251e+00
3.691367793426611588e+00
3.636234144482853203e+00
3.580981593547325037e+00
3.488398963884773440e+00
3.386358518518518324e+00
3.241234255012345411e+00
3.277540440493827312e+00
3.072562542617284009e+00
2.933678414310013416e+00
2.904980147094650356e+00
2.752057880581618932e+00
2.314073415286693969e+00
2.341617127418381461e+00
2.088957980093278710e+00
1.931526686200274456e+00
1.622663974277091858e+00
1.457792366617283841e+00
1.363382758013717444e+00
1.338518211950617376e+00
1.073147249426611882e+00
9.866837684499314420e-01
1.081844703692729670e+00
9.452573301289437513e-01
8.509450984471880197e-01
8.135506467818930387e-01
7.717325656844993276e-01
7.836995100795610680e-01
7.120479067654321703e-01
7.037142829300411240e-01
6.638126691028806148e-01
6.497002859807955444e-01
5.957403067873799918e-01
5.605233876104251944e-01
5.085957548422497254e-01
4.948753797091906548e-01
4.881725650699588748e-01
4.787497760658436241e-01
4.544411903648833961e-01
4.428061174869684646e-01
4.143132683237311098e-01
4.127241439341564067e-01
4.151510042688614788e-01
4.033760043895747160e-01
3.790576028971193168e-01
3.720682087242798142e-01
3.460361846694101073e-01
3.381150656790123388e-01
3.415141501015088732e-01
3.122676144636488127e-01
3.028096189629629897e-01
2.977052275884773391e-01
2.869941201646090678e-01
2.832931622277091721e-01
2.700784267764060331e-01
2.718601755390946395e-01
2.657702551001371871e-01
2.490198007572016481e-01
2.496762957256515869e-01
2.392019022661179828e-01
2.311542680054869681e-01
2.412159487297667881e-01
2.251065155775034410e-01
2.275856631220850579e-01
2.174110586556927127e-01
2.007988007681755782e-01
2.115943622057613327e-01
2.023050556049382498e-01
1.973915524389574794e-01
1.950800093936899959e-01
