-2.000000000000000000e+00
-1.600000000000000089e+00
-1.600000000000000089e+00
-1.600000000000000089e+00
-1.599311999999999845e+00
-2.000000000000000000e+00
-1.753767999999999994e+00
-2.000000000000000000e+00
-1.998399999999999954e+00
-1.995920000000000138e+00
-1.996304000000000078e+00
-1.984415999999999958e+00
-1.986299999999999955e+00
-1.971883999999999970e+00
-1.931947999999999777e+00
-1.926836000000000215e+00
-1.912896000000000152e+00
-1.876867999999999981e+00
-1.793564000000000158e+00
-1.675640000000000018e+00
-1.770628000000000091e+00
-1.610643999999999965e+00
-1.393035999999999941e+00
-1.180080000000000018e+00
-1.213696000000000108e+00
-1.143927999999999834e+00
-9.676200000000000356e-01
-9.937960000000000127e-01
-7.990359999999999685e-01
-7.937840000000000451e-01
-7.700080000000000258e-01
-7.736600000000000144e-01
-6.492400000000000393e-01
-7.183519999999999905e-01
-7.161199999999999788e-01
-6.139120000000000132e-01
-6.277320000000000677e-01
-5.754280000000000506e-01
-5.754120000000000346e-01
-5.666440000000000365e-01
-5.368519999999999959e-01
-5.290279999999999427e-01
-5.318840000000000234e-01
-4.845200000000000062e-01
-4.730480000000000240e-01
-4.731960000000000055e-01
-4.414200000000000346e-01
-4.500240000000000351e-01
-4.526760000000000228e-01
-4.184920000000000306e-01
