-2.000000000000000000e+00
-2.000000000000000000e+00
-2.000000000000000000e+00
-2.000000000000000000e+00
-2.000000000000000000e+00
-1.199999999999999956e+00
-2.000000000000000000e+00
-2.000000000000000000e+00
-2.000000000000000000e+00
-2.000000000000000000e+00
-2.000000000000000000e+00
-2.000000000000000000e+00
-2.000000000000000000e+00
-2.000000000000000000e+00
-2.000000000000000000e+00
-2.000000000000000000e+00
-1.998822399999999888e+00
-1.997990399999999944e+00
-1.998060800000000192e+00
-1.998348800000000036e+00
-1.993279999999999941e+00
-1.989472000000000129e+00
-1.984313600000000122e+00
-1.985977600000000010e+00
-1.984863999999999962e+00
-1.979673600000000144e+00
-1.964646400000000126e+00
-1.965152000000000010e+00
-1.961292799999999836e+00
-1.936953599999999831e+00
-1.941171200000000097e+00
-1.922828800000000005e+00
-1.893740800000000002e+00
-1.907462400000000002e+00
-1.874054399999999898e+00
-1.865350400000000075e+00
-1.846912000000000109e+00
-1.761497599999999775e+00
-1.818822399999999950e+00
-1.725376000000000021e+00
-1.719673600000000135e+00
-1.702604800000000029e+00
-1.581222400000000139e+00
-1.635859199999999847e+00
-1.458022400000000163e+00
-1.512627200000000061e+00
-1.515820799999999968e+00
-1.392409599999999914e+00
-1.338316800000000084e+00
-1.314047999999999883e+00
-1.249779199999999868e+00
-1.179001600000000094e+00
-1.186374400000000051e+00
-1.084544000000000175e+00
-1.053164800000000012e+00
-1.097670399999999935e+00
-1.015212800000000026e+00
-9.289600000000000080e-01
-9.529152000000000733e-01
-9.543616000000000321e-01
-9.033216000000000578e-01
-8.907327999999999912e-01
-8.396671999999999469e-01
-8.235648000000000968e-01
-7.503231999999999680e-01
-8.578495999999999899e-01
-7.750080000000000302e-01
-7.511360000000000259e-01
-7.290240000000000054e-01
-6.925375999999999754e-01
-7.193792000000001075e-01
-6.778368000000000171e-01
-6.509632000000000751e-01
-6.244223999999999331e-01
-6.573759999999999604e-01
-6.297536000000000245e-01
-5.998272000000000048e-01
-6.222784000000000093e-01
-5.872384000000000492e-01
-5.685567999999999733e-01
-5.871680000000000232e-01
-5.245119999999999783e-01
-5.758144000000000595e-01
-5.571519999999999806e-01
-5.433856000000000241e-01
-5.407104000000000354e-01
-5.382272000000000167e-01
-4.984000000000000097e-01
-4.865023999999999460e-01
-4.730496000000000145e-01
-4.827136000000000204e-01
-5.168127999999999611e-01
-4.775807999999999720e-01
-4.520000000000000129e-01
-4.587071999999999816e-01
-4.463488000000000455e-01
-4.747776000000000218e-01
-4.479808000000000123e-01
-4.212991999999999848e-01
-4.388288000000000189e-01
