4.000000000000000000e+00
2.560000000000000053e+00
4.000000000000000000e+00
4.000000000000000000e+00
4.000000000000000000e+00
2.560000000000000053e+00
4.000000000000000000e+00
4.000000000000000000e+00
4.000000000000000000e+00
4.000000000000000000e+00
4.000000000000000000e+00
3.998391232000000350e+00
4.000000000000000000e+00
3.998323808000000312e+00
3.998965119999999818e+00
3.997945919999999820e+00
3.996372319999999867e+00
3.992652096000000039e+00
3.990647456000000037e+00
3.987670592000000180e+00
3.981139568000000128e+00
3.962024336000000257e+00
3.957359584000000208e+00
3.957112191999999862e+00
3.926284640000000437e+00
3.898543695999999947e+00
3.872052687999999687e+00
3.854932959999999742e+00
3.829078287999999830e+00
3.779220176000000375e+00
3.720286095999999709e+00
3.724901391999999589e+00
3.643652496000000074e+00
3.590646671999999651e+00
3.539458735999999828e+00
3.438970047999999835e+00
3.309164943999999942e+00
3.194841856000000035e+00
3.129746159999999833e+00
2.908660863999999791e+00
2.945111856000000028e+00
2.599437823999999786e+00
2.616003488000000043e+00
2.271540767999999932e+00
2.200698991999999965e+00
2.078849232000000047e+00
1.970911056000000050e+00
1.677913983999999914e+00
1.467862431999999995e+00
1.402367200000000036e+00
1.224819584000000017e+00
1.102845263999999936e+00
1.133278224000000112e+00
9.622469919999999677e-01
9.666876800000000491e-01
8.785860800000000470e-01
8.240556159999999908e-01
7.525081600000000925e-01
7.544312640000000458e-01
7.537218079999999931e-01
6.742157599999999418e-01
6.500001280000000659e-01
6.103858720000000515e-01
5.891533599999999593e-01
5.861131199999999319e-01
5.352726880000000520e-01
5.343758880000000211e-01
5.286068480000000180e-01
4.686377440000000227e-01
4.715533919999999601e-01
4.453505280000000233e-01
4.335192479999999682e-01
4.164453599999999867e-01
4.009780639999999674e-01
3.897552319999999515e-01
3.708846880000000179e-01
3.692107680000000225e-01
3.461665120000000373e-01
3.629702240000000080e-01
3.241358719999999916e-01
3.160115039999999986e-01
3.206011520000000004e-01
3.056431680000000206e-01
3.186147839999999842e-01
2.873048960000000318e-01
2.829446879999999998e-01
2.594578880000000254e-01
2.749973440000000324e-01
2.630539199999999966e-01
2.599482880000000273e-01
2.568871679999999991e-01
2.507099039999999834e-01
2.342265119999999978e-01
2.298452159999999911e-01
2.287714559999999842e-01
2.188812640000000198e-01
2.235303680000000071e-01
2.177511520000000034e-01
2.028116000000000085e-01
2.080922079999999730e-01
