1.000000000000000000e+00
1.000000000000000000e+00
1.000000000000000000e+00
1.000000000000000000e+00
1.000000000000000000e+00
1.000000000000000000e+00
1.111111111111111049e-01
4.482942068587105790e-03
1.000000000000000000e+00
1.000000000000000000e+00
9.999114275116598449e-01
1.000000000000000000e+00
9.999422626941014691e-01
9.998782324938271238e-01
9.999576802853222812e-01
9.995894518518518845e-01
9.996046489108367794e-01
9.992440520164608264e-01
9.988183517585733640e-01
9.976736532016460268e-01
9.983250450260631181e-01
9.957188737229080155e-01
9.929504553086420104e-01
9.922207492565158216e-01
9.895609226008230674e-01
9.888299298765432788e-01
9.866632666776407046e-01
9.798825620192044283e-01
9.714289040329218139e-01
9.722045411906721224e-01
9.585978820301783720e-01
9.545822133552811506e-01
9.454898546831275175e-01
9.372845637530864416e-01
9.210762436652949470e-01
9.033268541454047007e-01
8.720945746172839019e-01
8.800937128559670475e-01
8.347196983484225230e-01
8.060155778984910979e-01
8.002830166035664883e-01
7.689191551824416937e-01
5.712438802962963580e-01
6.371823558408779009e-01
5.426135103209875910e-01
4.735851393580247093e-01
3.205434792208504691e-01
2.749859594183813316e-01
2.370370208834019221e-01
2.428134442139917859e-01
1.087689014430727047e-01
7.242525778875172349e-02
1.731403142496570624e-01
7.288777990672153095e-02
5.711732868038408434e-02
6.248945180795610621e-02
6.026124747325103254e-02
6.546743905624141657e-02
5.296854421947873315e-02
5.765747112208505221e-02
3.839946131138546187e-02
4.556821280658436557e-02
5.528335591769547447e-02
2.657653289437585803e-02
2.800832790123456567e-02
3.326969608779149074e-02
2.769143852949245560e-02
2.681479198902606692e-02
2.735760891083676566e-02
2.711752234842249726e-02
2.222995489711934378e-02
2.711199780521262107e-02
2.879547066117970136e-02
2.533029258710562184e-02
1.956314706172839618e-02
2.255109197256515569e-02
2.224870716049382607e-02
1.844251320713305789e-02
2.336737448559670846e-02
1.797515342661179863e-02
1.587168605761316714e-02
1.610137951165980727e-02
1.333577885322359373e-02
1.340523807956104339e-02
1.635672634293552918e-02
2.011901050205761390e-02
1.471014558024691214e-02
1.501046413168724385e-02
1.455163768449931408e-02
1.539232904252400488e-02
1.669197888614540673e-02
1.581925135802469268e-02
1.366043180246913520e-02
1.533547667489711976e-02
1.316655899039780378e-02
1.405652034019204411e-02
1.319634207956104158e-02
1.198724389574759921e-02
1.137512928395061594e-02
1.181592686968449893e-02
