1.000000000000000000e+00
4.000000000000000083e-02
0.000000000000000000e+00
4.000000000000000083e-02
1.347999999999999969e-05
1.000000000000000000e+00
5.418021200000000537e-01
1.000000000000000000e+00
9.992079999999999851e-01
9.979803999999999897e-01
9.981704799999999711e-01
9.914944399999999769e-01
9.931479199999999619e-01
9.857339200000000412e-01
9.574748400000000492e-01
9.591548800000000430e-01
9.532871600000000223e-01
9.303785599999999656e-01
8.777985600000000055e-01
7.362598000000000198e-01
8.668512399999999118e-01
7.343743999999999827e-01
4.865852399999999744e-01
3.116646000000000138e-01
3.894033600000000317e-01
3.057591199999999954e-01
1.621195599999999959e-01
2.473523200000000144e-01
3.164460000000000189e-02
1.183882399999999918e-01
9.510467999999999700e-02
1.143082799999999843e-01
5.278035999999999839e-02
8.386583999999999706e-02
1.109215200000000096e-01
5.584379999999999900e-02
5.879960000000000048e-02
2.487096000000000098e-02
4.824451999999999907e-02
5.397300000000000014e-02
4.232923999999999715e-02
3.935972000000000082e-02
3.551447999999999411e-02
4.282851999999999493e-02
3.113964000000000315e-02
2.834635999999999753e-02
2.578247999999999651e-02
2.659320000000000087e-02
3.163004000000000510e-02
2.222996000000000000e-02
