1.000000000000000000e+00
-1.000000000000000000e+00
1.000000000000000000e+00
-1.000000000000000000e+00
1.000000000000000000e+00
-2.000000000000000111e-01
-1.000000000000000000e+00
1.000000000000000000e+00
1.000000000000000000e+00
-1.000000000000000000e+00
1.000000000000000000e+00
1.000000000000000000e+00
1.000000000000000000e+00
-1.000000000000000000e+00
1.000000000000000000e+00
1.000000000000000000e+00
9.997056000000000830e-01
-9.994911999999999130e-01
9.995104000000000211e-01
9.995872000000000090e-01
9.983199999999999852e-01
9.970144000000000784e-01
-9.957120000000000415e-01
-9.961759999999999504e-01
9.958527999999999825e-01
-9.945055999999999896e-01
9.906719999999999970e-01
9.905376000000000181e-01
-9.896319999999999562e-01
9.820383999999999780e-01
9.839904000000000428e-01
9.779648000000000785e-01
9.686176000000000785e-01
9.741567999999999339e-01
9.646240000000000370e-01
9.595040000000000235e-01
-3.999743999999999522e-01
6.423968000000001011e-01
-9.469728000000000590e-01
2.819936000000000109e-01
-4.968735999999999708e-01
-8.922976000000000241e-01
-6.018111999999999906e-01
1.551967999999999959e-01
3.570240000000000219e-02
1.633023999999999865e-01
3.150975999999999777e-01
1.558975999999999973e-01
3.609120000000000106e-01
8.751680000000000570e-02
2.211520000000000152e-01
2.471328000000000136e-01
-2.538527999999999896e-01
-1.466815999999999953e-01
-5.802559999999999663e-02
-5.938559999999999672e-02
1.329440000000000066e-01
4.393600000000000110e-03
-5.578879999999999950e-02
9.677120000000000166e-02
-4.403199999999999475e-03
4.653759999999999841e-02
-1.551712000000000091e-01
5.824320000000000191e-02
-7.266879999999999173e-02
-1.048000000000000043e-01
-4.083520000000000205e-02
9.449600000000000707e-03
6.508800000000000349e-03
-3.644800000000000123e-03
3.562879999999999520e-02
-8.544320000000001081e-02
-3.745280000000000137e-02
-3.576000000000000012e-02
3.336959999999999926e-02
2.223999999999999849e-03
3.159359999999999946e-02
2.054720000000000157e-02
-2.331519999999999773e-02
-4.222400000000000458e-02
1.707519999999999871e-02
2.355200000000000002e-03
-3.174399999999999965e-03
-1.673600000000000131e-03
-5.801600000000000507e-03
-1.225600000000000083e-03
8.028800000000000867e-03
-2.825599999999999726e-03
-2.571520000000000056e-02
9.280000000000000054e-03
-9.843199999999999866e-03
1.477440000000000003e-02
1.066559999999999904e-02
-8.611199999999999410e-03
1.198399999999999986e-02
-6.204799999999999899e-03
-2.842880000000000060e-02
-1.230399999999999897e-02
-2.308160000000000073e-02
1.328000000000000014e-02
