1.000000000000000000e+00
0.000000000000000000e+00
-1.000000000000000000e+00
1.000000000000000000e+00
1.000000000000000000e+00
2.000000000000000111e-01
1.000000000000000000e+00
1.000000000000000000e+00
1.000000000000000000e+00
1.000000000000000000e+00
-1.000000000000000000e+00
9.998973999999999362e-01
1.000000000000000000e+00
-9.998829999999999663e-01
9.999339999999999895e-01
9.998690000000000078e-01
9.997671999999999670e-01
-9.995275999999999605e-01
9.993922000000000638e-01
9.992082000000001019e-01
9.987789999999999724e-01
9.974460000000000548e-01
9.970940000000000358e-01
9.971767999999999743e-01
9.949386000000000063e-01
-9.929801999999999795e-01
9.912585999999999897e-01
-9.898976000000000441e-01
9.874746000000000912e-01
9.832478000000000051e-01
9.791653999999999636e-01
9.796913999999999900e-01
-9.734625999999999557e-01
9.689763999999999600e-01
9.640569999999999418e-01
-9.546013999999999333e-01
9.419299999999999340e-01
-9.290739999999999554e-01
9.224132000000000442e-01
-8.880270000000000108e-01
9.027867999999998894e-01
8.262618000000000462e-01
-8.480385999999999758e-01
-4.435019999999999935e-02
-9.518879999999999009e-02
7.263403999999999971e-01
-2.873205999999999816e-01
-1.048930000000000001e-01
3.582696000000000214e-01
-1.745484000000000202e-01
-2.838560000000000041e-02
-3.532199999999999663e-03
1.095414000000000110e-01
-2.536280000000000132e-02
1.115082000000000018e-01
-2.020039999999999683e-02
-1.162050000000000027e-01
1.241800000000000022e-02
8.854800000000001212e-03
2.438859999999999986e-02
-5.710400000000000025e-03
2.083140000000000339e-02
-9.988120000000000331e-02
-1.959920000000000065e-02
-2.407840000000000327e-02
1.280880000000000039e-02
3.376199999999999774e-03
6.968600000000000141e-03
-3.202680000000000110e-02
4.598680000000000129e-02
1.377399999999999979e-03
4.767839999999999578e-02
-1.131919999999999975e-02
-2.253099999999999895e-02
-1.532440000000000017e-02
-2.976659999999999723e-02
8.028999999999999679e-03
8.445799999999999835e-03
7.565800000000000129e-03
-8.014600000000000196e-03
-6.423200000000000437e-03
-2.712019999999999709e-02
-4.975999999999999521e-04
-1.089999999999999997e-02
-8.375799999999999218e-03
-2.393299999999999941e-02
-7.836600000000000857e-03
-1.426360000000000128e-02
-8.758200000000000707e-03
-5.360000000000000181e-04
8.966399999999999371e-03
-2.708000000000000229e-04
1.531160000000000160e-02
3.071999999999999861e-04
8.062599999999999628e-03
-1.660000000000000017e-03
1.004960000000000055e-02
1.800659999999999761e-02
-2.369999999999999711e-03
-9.955199999999999119e-03
