-2.000000000000000000e+00
-1.600000000000000089e+00
-2.000000000000000000e+00
-2.000000000000000000e+00
-2.000000000000000000e+00
-1.600000000000000089e+00
-2.000000000000000000e+00
-2.000000000000000000e+00
-2.000000000000000000e+00
-2.000000000000000000e+00
-2.000000000000000000e+00
-1.999589599999999967e+00
-2.000000000000000000e+00
-1.999571200000000104e+00
-1.999735999999999958e+00
-1.999476000000000031e+00
-1.999074400000000029e+00
-1.998124800000000034e+00
-1.997612799999999966e+00
-1.996852000000000071e+00
-1.995182800000000034e+00
-1.990288400000000069e+00
-1.989077599999999890e+00
-1.989019199999999987e+00
-1.981081599999999998e+00
-1.973835599999999912e+00
-1.967033999999999949e+00
-1.962650400000000017e+00
-1.955648400000000064e+00
-1.942484399999999889e+00
-1.927041199999999899e+00
-1.928218800000000011e+00
-1.906354799999999905e+00
-1.892439599999999889e+00
-1.878502799999999917e+00
-1.850288799999999956e+00
-1.813817199999999907e+00
-1.781548799999999932e+00
-1.762198799999999954e+00
-1.694960000000000022e+00
-1.707339600000000068e+00
-1.594271200000000110e+00
-1.603700000000000125e+00
-1.485024799999999923e+00
-1.462962000000000096e+00
-1.418267600000000073e+00
-1.381254800000000005e+00
-1.269552800000000037e+00
-1.178238400000000130e+00
-1.158005600000000079e+00
-1.077473600000000031e+00
-1.023037200000000091e+00
-1.038257200000000102e+00
-9.556843999999999895e-01
-9.570647999999999378e-01
-9.119184000000000179e-01
-8.859911999999999788e-01
-8.477696000000000121e-01
-8.441031999999999424e-01
-8.415188000000000113e-01
-7.957963999999999594e-01
-7.843968000000000051e-01
-7.577531999999999046e-01
-7.456867999999999830e-01
-7.439584000000000197e-01
-7.081123999999999752e-01
-7.064076000000000244e-01
-7.021711999999999954e-01
-6.613124000000000224e-01
-6.636779999999999902e-01
-6.458439999999999737e-01
-6.343307999999999724e-01
-6.227268000000000248e-01
-6.097692000000000112e-01
-6.012151999999999497e-01
-5.827276000000000122e-01
-5.832355999999999652e-01
-5.637771999999999784e-01
-5.801939999999999875e-01
-5.457984000000000169e-01
-5.397556000000000020e-01
-5.408080000000000664e-01
-5.273160000000000069e-01
-5.405672000000000255e-01
-5.099199999999999289e-01
-5.079331999999999736e-01
-4.846695999999999782e-01
-4.982480000000000242e-01
-4.898103999999999791e-01
-4.838615999999999473e-01
-4.805767999999999707e-01
-4.748388000000000053e-01
-4.581956000000000362e-01
-4.525775999999999688e-01
-4.512200000000000100e-01
-4.414491999999999861e-01
-4.456943999999999906e-01
-4.394163999999999848e-01
-4.219107999999999747e-01
-4.278020000000000156e-01
