-1.000000000000000000e+00
2.000000000000000111e-01
0.000000000000000000e+00
-2.000000000000000111e-01
-4.540000000000000307e-04
-1.000000000000000000e+00
-6.637699999999999712e-01
1.000000000000000000e+00
9.995999999999999330e-01
-9.989799999999999791e-01
-9.990760000000000751e-01
-9.956820000000000670e-01
9.965319999999999734e-01
9.927719999999999878e-01
9.780219999999999470e-01
9.790999999999999703e-01
-9.760460000000000802e-01
9.639240000000000030e-01
9.354559999999999542e-01
8.341540000000000621e-01
-9.296259999999999524e-01
8.481919999999999460e-01
6.255140000000000144e-01
-2.161220000000000085e-01
5.860920000000000574e-01
4.979200000000000292e-01
3.401540000000000119e-01
3.619879999999999765e-01
5.449999999999999983e-03
-1.301640000000000019e-01
-1.869259999999999811e-01
-1.034619999999999984e-01
-5.607800000000000284e-02
6.425200000000000355e-02
-1.636959999999999804e-01
3.650599999999999679e-02
-6.297600000000000420e-02
-8.767999999999999752e-03
7.312599999999999656e-02
6.176599999999999452e-02
-1.331399999999999945e-02
1.701000000000000081e-02
-2.208400000000000293e-02
4.034599999999999992e-02
-2.637399999999999814e-02
-5.288599999999999551e-02
4.052800000000000152e-02
-3.399200000000000138e-02
-2.737399999999999903e-02
-2.085000000000000048e-02
