1.000000000000000000e+00
0.000000000000000000e+00
1.000000000000000000e+00
1.000000000000000000e+00
1.000000000000000000e+00
4.000000000000000083e-02
1.000000000000000000e+00
1.000000000000000000e+00
1.000000000000000000e+00
1.000000000000000000e+00
1.000000000000000000e+00
9.997968520000000137e-01
1.000000000000000000e+00
9.997691240000000645e-01
9.998693199999999504e-01
9.997406199999999687e-01
9.995391680000000889e-01
9.990650079999999766e-01
9.987974360000000384e-01
9.984331480000000481e-01
9.975846919999999951e-01
9.949552720000000017e-01
9.942688239999999400e-01
9.944240879999999283e-01
9.900288440000000190e-01
9.862102919999999884e-01
9.828091479999999658e-01
9.801401040000000675e-01
9.755695959999999278e-01
9.674810200000000249e-01
9.594752679999999367e-01
9.604883720000000347e-01
9.485422200000001025e-01
9.398997759999999646e-01
9.306685240000001080e-01
9.132761160000000267e-01
8.898775359999999690e-01
8.665044320000000466e-01
8.549365120000000928e-01
7.982973719999999496e-01
8.200794639999999802e-01
7.118111000000000299e-01
7.321674999999999711e-01
6.213740039999999798e-01
5.945144239999999858e-01
5.683241359999999798e-01
5.402463160000000597e-01
4.405891160000000029e-01
3.451852800000000387e-01
3.291108240000000240e-01
2.514607039999999794e-01
1.959564280000000158e-01
2.305953239999999904e-01
1.784464239999999924e-01
2.048458839999999781e-01
1.573726400000000081e-01
1.372941240000000174e-01
9.322219199999999539e-02
1.323378239999999928e-01
1.329265879999999844e-01
1.075174320000000100e-01
9.877577999999999359e-02
9.617407199999999934e-02
8.318576799999999327e-02
8.881833599999999773e-02
6.919136800000000309e-02
7.237629199999999485e-02
7.395533999999999442e-02
6.550573599999999497e-02
6.726377599999999735e-02
5.726369999999999377e-02
5.692155200000000026e-02
5.284840799999999256e-02
4.870049200000000494e-02
5.283880000000000521e-02
5.225202000000000319e-02
4.505473999999999590e-02
4.280614800000000220e-02
4.453201999999999855e-02
4.187993999999999745e-02
3.642555199999999993e-02
4.293958800000000076e-02
4.044898400000000033e-02
4.201792000000000027e-02
3.149526000000000409e-02
3.305843600000000354e-02
3.253534000000000287e-02
3.244113600000000236e-02
3.420724399999999776e-02
3.618840000000000251e-02
3.014922399999999877e-02
3.530763199999999852e-02
3.262597600000000098e-02
2.781400800000000118e-02
3.039616399999999982e-02
3.012254399999999763e-02
2.696963999999999959e-02
2.985847600000000185e-02
2.684492000000000128e-02
2.816336800000000112e-02
