-1.000000000000000000e+00
-1.000000000000000000e+00
-1.000000000000000000e+00
-1.000000000000000000e+00
-1.000000000000000000e+00
-1.000000000000000000e+00
-3.333333333333333148e-01
-6.690694320987654320e-02
-1.000000000000000000e+00
-1.000000000000000000e+00
-9.999555160493828199e-01
-1.000000000000000000e+00
9.999710024691358390e-01
-9.999388444444444746e-01
-9.999787456790123485e-01
9.997936987654321150e-01
-9.998014419753086246e-01
-9.996201086419753690e-01
-9.994061432098765296e-01
-9.988308543209876156e-01
9.991578864197531162e-01
-9.978462024691358012e-01
-9.964488691358024397e-01
-9.960828049382716154e-01
-9.947379358024690532e-01
-9.943653135802469345e-01
-9.932708345679012174e-01
-9.898288987654320081e-01
-9.855259654320988050e-01
-9.859144691358024959e-01
9.789139753086419926e-01
-9.768587851851852077e-01
-9.720662123456789150e-01
9.678449777777777818e-01
-9.593980839506173197e-01
-9.497928691358024089e-01
9.327469037037037225e-01
-9.374294123456790029e-01
-9.121066666666666212e-01
-8.961617382716049462e-01
-8.930202074074073959e-01
8.742309925925926262e-01
6.939973530864198548e-01
7.870241975308642779e-01
-7.170424098765431076e-01
4.594050370370370562e-01
-1.278159012345678885e-02
1.855043160493827226e-01
1.735917827160493587e-01
-1.545096691358024688e-01
-5.130026666666666346e-02
-6.299646419753086868e-02
2.200537283950617373e-01
-1.356596938271605046e-01
-3.689742222222222590e-02
3.252306172839506109e-03
1.120466172839506072e-02
-1.483670123456790058e-02
1.326656790123456782e-02
7.022206419753086737e-02
1.266567901234567895e-04
-2.720347654320987713e-02
-1.349914864197530873e-01
3.017797530864197580e-02
-1.077412345679012355e-03
-4.104169876543210110e-02
3.637902222222222370e-02
3.059966419753086531e-02
-4.174079999999999457e-02
-2.610646913580246930e-03
9.560177777777777511e-03
-1.597487407407407328e-02
3.146887901234567825e-02
-4.036677530864198060e-02
-9.069116049382716996e-03
1.084942222222222245e-02
-9.508898765432097916e-03
1.540906666666666536e-02
2.726897777777777601e-02
5.556543209876542953e-03
-2.301218765432098620e-02
-1.621206913580246906e-02
5.291219753086420265e-03
1.027531851851851835e-02
-1.291851851851851972e-03
1.235516049382716103e-03
-9.954212345679011933e-03
1.701372839506172735e-03
4.063288888888889547e-03
7.808158024691357404e-03
-1.660215308641975127e-02
-9.545639506172839614e-03
6.133096296296295866e-03
3.045040987654320727e-02
-4.928158024691358524e-03
1.357037037037037023e-03
2.001461728395061666e-03
1.057248395061728512e-02
3.034864197530864460e-03
2.492049382716049477e-03
