-2.000000000000000000e+00
-2.000000000000000000e+00
-2.000000000000000000e+00
-2.000000000000000000e+00
-2.000000000000000000e+00
-2.000000000000000000e+00
-1.733333333333333393e+00
-1.733124266666666857e+00
-2.000000000000000000e+00
-2.000000000000000000e+00
-1.999822064197530835e+00
-2.000000000000000000e+00
-1.999884009876543356e+00
-1.999755377777777676e+00
-1.999914982716049394e+00
-1.999199604938271646e+00
-1.999205767901234498e+00
-1.998496395061728270e+00
-1.997699160493827231e+00
-1.995436879012345566e+00
-1.996736790123456728e+00
-1.991535091358024756e+00
-1.986312691358024685e+00
-1.985030479012345639e+00
-1.980095999999999856e+00
-1.978640118518518509e+00
-1.974966676543209898e+00
-1.962851713580247015e+00
-1.947319940740740885e+00
-1.948708819753086408e+00
-1.926323990123456786e+00
-1.920536177777777631e+00
-1.905606953086419697e+00
-1.891146271604938311e+00
-1.866435476543209848e+00
-1.838019318518518519e+00
-1.797632474074074116e+00
-1.808274962962963084e+00
-1.749653175308641950e+00
-1.709374893827160458e+00
-1.701028977777777840e+00
-1.653159664197531020e+00
-1.507817876543209756e+00
-1.520465856790123471e+00
-1.433700977777777830e+00
-1.375100523456790125e+00
-1.259689086419752968e+00
-1.195242192592592456e+00
-1.158675437037037126e+00
-1.144476760493827072e+00
-1.025523674074074076e+00
-9.827045135802469078e-01
-1.027962943209876467e+00
-9.628352790123456684e-01
-9.131259259259260075e-01
-8.917428148148147660e-01
-8.693564049382715986e-01
-8.757052049382716419e-01
-8.338978765432099038e-01
-8.286498765432098734e-01
-8.054213530864197113e-01
-7.955621925925926430e-01
-7.623302320987653813e-01
-7.390467160493826571e-01
-7.049280790123456653e-01
-6.935387654320986917e-01
-6.874943209876543948e-01
-6.814693135802469826e-01
-6.642223407407408242e-01
-6.560513580246913889e-01
-6.340388345679013327e-01
-6.321558123456789691e-01
-6.347194469135802875e-01
-6.238279111111111330e-01
-6.059922962962962512e-01
-5.986030617283950583e-01
-5.768335802469135576e-01
-5.709378370370370437e-01
-5.747783111111111065e-01
-5.492999901234567606e-01
-5.389264592592593051e-01
-5.344750617283950955e-01
-5.241874962962963513e-01
-5.210031407407407222e-01
-5.080702419753085897e-01
-5.107504987654321038e-01
-5.039115061728395295e-01
-4.875851851851851770e-01
-4.894625185185185745e-01
-4.773071012345678765e-01
-4.685381530864197730e-01
-4.786762271604937946e-01
-4.623096098765432371e-01
-4.647041580246913939e-01
-4.545837827160493783e-01
-4.354131753086419865e-01
-4.470682864197531026e-01
-4.378617679012345998e-01
-4.323896888888888457e-01
-4.293037827160493536e-01
