1.000000000000000000e+00
1.000000000000000000e+00
1.000000000000000000e+00
1.000000000000000000e+00
1.000000000000000000e+00
4.000000000000000083e-02
1.000000000000000000e+00
1.000000000000000000e+00
1.000000000000000000e+00
1.000000000000000000e+00
1.000000000000000000e+00
1.000000000000000000e+00
1.000000000000000000e+00
1.000000000000000000e+00
1.000000000000000000e+00
1.000000000000000000e+00
9.994347519999999818e-01
9.990251519999999719e-01
9.990615040000000446e-01
9.992074239999999552e-01
9.967744000000000604e-01
9.944258559999999969e-01
9.919503360000000436e-01
9.927802879999999552e-01
9.922319359999999255e-01
9.896202240000000483e-01
9.822878720000000063e-01
9.821772800000000414e-01
9.804503039999999947e-01
9.669053439999999444e-01
9.700951039999999859e-01
9.593098239999999777e-01
9.427466239999999775e-01
9.519871999999999224e-01
9.343185920000000033e-01
9.276344320000000643e-01
9.172259840000001052e-01
8.663925759999999698e-01
9.034936320000001020e-01
8.396026879999999304e-01
8.385346559999999894e-01
8.280197120000000188e-01
7.526277120000000043e-01
7.910804479999999916e-01
6.675420159999999603e-01
7.115013119999999969e-01
7.146629119999999835e-01
6.282393600000000244e-01
5.965066239999999853e-01
5.808122879999999544e-01
5.485112320000000707e-01
4.951275520000000263e-01
5.053455359999999841e-01
4.272890879999999836e-01
4.135756800000000011e-01
4.460979199999999811e-01
3.928806400000000032e-01
3.341987839999999710e-01
3.568512000000000350e-01
3.602508799999999956e-01
3.325132799999999667e-01
3.278151679999999901e-01
2.945484800000000014e-01
2.844165120000000102e-01
2.368440320000000099e-01
3.190369279999999974e-01
2.603519999999999723e-01
2.526883839999999881e-01
2.302315520000000060e-01
2.168862720000000188e-01
2.374497279999999988e-01
2.059745280000000178e-01
1.923123200000000088e-01
1.767500800000000039e-01
2.072483839999999800e-01
1.896657919999999997e-01
1.752555519999999811e-01
1.840624640000000090e-01
1.721528319999999779e-01
1.610373119999999880e-01
1.799756799999999990e-01
1.392752639999999820e-01
1.659463680000000108e-01
1.606307839999999987e-01
1.553459199999999985e-01
1.477365759999999806e-01
1.516062719999999864e-01
1.256504320000000063e-01
1.269043200000000149e-01
1.186304000000000108e-01
1.245783040000000008e-01
1.428193279999999954e-01
1.206333440000000173e-01
1.181020160000000041e-01
1.182960640000000063e-01
1.136445440000000001e-01
1.294315520000000053e-01
1.173949440000000149e-01
1.004175360000000017e-01
1.254968320000000026e-01
